44,13	1
30,36	2
0,26	3
100,77	4
67,82	4
67,41	1
74,29	1
95,43	4
95,10	1
81,21	1
21,42	2
10,19	3
28,35	2
57,28	1
87,24	1
82,53	4
30,32	3
23,52	2
69,8	1
97,42	4
13,30	3
99,89	4
1,78	2
41,36	2
48,69	2
68,33	1
40,99	2
94,58	4
95,54	4
97,95	4
80,14	1
69,28	1
89,79	4
60,26	1
8,46	3
92,96	4
10,19	3
45,13	1
89,57	4
71,46	1
13,15	3
25,48	2
17,69	2
21,26	3
24,97	2
57,16	1
3,39	3
33,2	3
6,21	3
25,44	2
62,33	1
96,44	4
54,27	1
21,95	2
27,65	2
13,7	3
80,22	1
77,11	1
12,73	2
90,48	4
92,62	4
40,43	2
84,64	4
60,94	4
86,84	4
86,6	1
32,41	2
83,69	4
85,100	4
12,56	2
30,93	2
47,19	1
20,76	2
33,89	2
42,23	1
32,11	3
19,39	3
98,86	4
20,29	3
45,93	2
52,93	4
80,67	4
68,77	4
13,33	3
59,31	1
21,27	3
7,18	3
99,84	4
39,85	2
29,68	2
39,45	2
91,37	1
97,49	4
56,48	2
3,3	3
53,56	2
64,46	1
6,6	3
75,75	4
64,12	1
