44,13	1
30,36	2
0,26	3
100,77	4
67,82	5
67,41	6
74,29	7
95,43	7
95,10	7
81,21	7
21,42	2
10,19	3
28,35	2
57,28	6
87,24	7
82,53	6
30,32	2
23,52	2
69,8	7
97,42	7
13,30	3
99,89	4
1,78	2
41,36	2
48,69	5
68,33	6
40,99	5
94,58	4
95,54	4
97,95	4
80,14	7
69,28	7
89,79	4
60,26	6
8,46	2
92,96	4
10,19	3
45,13	1
89,57	4
71,46	6
13,15	3
25,48	2
17,69	2
21,26	3
24,97	5
57,16	1
3,39	3
33,2	1
6,21	3
25,44	2
62,33	6
96,44	7
54,27	1
21,95	5
27,65	2
13,7	3
80,22	7
77,11	7
12,73	2
90,48	6
92,62	4
40,43	2
84,64	4
60,94	5
86,84	4
86,6	7
32,41	2
83,69	4
85,100	4
12,56	2
30,93	5
47,19	1
20,76	2
33,89	5
42,23	1
32,11	1
19,39	2
98,86	4
20,29	3
45,93	5
52,93	5
80,67	4
68,77	5
13,33	3
59,31	6
21,27	3
7,18	3
99,84	4
39,85	5
29,68	2
39,45	2
91,37	7
97,49	4
56,48	6
3,3	3
53,56	6
64,46	6
6,6	3
75,75	4
64,12	1
