44,13	1
30,36	2
0,26	2
100,77	1
67,82	1
67,41	1
74,29	1
95,43	1
95,10	1
81,21	1
21,42	2
10,19	2
28,35	2
57,28	1
87,24	1
82,53	1
30,32	2
23,52	2
69,8	1
97,42	1
13,30	2
99,89	1
1,78	2
41,36	2
48,69	2
68,33	1
40,99	2
94,58	1
95,54	1
97,95	1
80,14	1
69,28	1
89,79	1
60,26	1
8,46	2
92,96	1
10,19	2
45,13	1
89,57	1
71,46	1
13,15	2
25,48	2
17,69	2
21,26	2
24,97	2
57,16	1
3,39	2
33,2	2
6,21	2
25,44	2
62,33	1
96,44	1
54,27	1
21,95	2
27,65	2
13,7	2
80,22	1
77,11	1
12,73	2
90,48	1
92,62	1
40,43	2
84,64	1
60,94	2
86,84	1
86,6	1
32,41	2
83,69	1
85,100	1
12,56	2
30,93	2
47,19	1
20,76	2
33,89	2
42,23	2
32,11	2
19,39	2
98,86	1
20,29	2
45,93	2
52,93	2
80,67	1
68,77	1
13,33	2
59,31	1
21,27	2
7,18	2
99,84	1
39,85	2
29,68	2
39,45	2
91,37	1
97,49	1
56,48	1
3,3	2
53,56	2
64,46	1
6,6	2
75,75	1
64,12	1
